0.4576+1.078i	0.156+0.5017i	0.1535+0.3849i
0.156+0.5017i	0.4666+1.0482i	0.158+0.4236i
0.1535+0.3849i	0.158+0.4236i	0.4615+1.0651i
0.4576+1.078i	0.156+0.5017i	0.1535+0.3849i
0.156+0.5017i	0.4666+1.0482i	0.158+0.4236i
0.1535+0.3849i	0.158+0.4236i	0.4615+1.0651i
0.4666+1.0482i	0.158+0.4236i	0.156+0.5017i
0.158+0.4236i	0.4615+1.0651i	0.1535+0.3849i
0.156+0.5017i	0.1535+0.3849i	0.4576+1.078i
0.4615+1.0651i	0.1535+0.3849i	0.158+0.4236i
0.1535+0.3849i	0.4576+1.078i	0.156+0.5017i
0.158+0.4236i	0.156+0.5017i	0.4666+1.0482i
0.4615+1.0651i	0.158+0.4236i	0.1535+0.3849i
0.158+0.4236i	0.4666+1.0482i	0.156+0.5017i
0.1535+0.3849i	0.156+0.5017i	0.4576+1.078i
0.4666+1.0482i	0.156+0.5017i	0.158+0.4236i
0.156+0.5017i	0.4576+1.078i	0.1535+0.3849i
0.158+0.4236i	0.1535+0.3849i	0.4615+1.0651i
0.4576+1.078i	0.1535+0.3849i	0.156+0.5017i
0.1535+0.3849i	0.4615+1.0651i	0.158+0.4236i
0.156+0.5017i	0.158+0.4236i	0.4666+1.0482i
0.4576+1.078i	0	0.1535+0.3849i
0	0	0
0.1535+0.3849i	0	0.4615+1.0651i
0.4576+1.078i	0.1535+0.3849i	0
0.1535+0.3849i	0.4615+1.0651i	0
0	0	0
1.3292+1.3475i	0	0
0	0	0
0	0	0
0	0	0
0	1.3292+1.3475i	0
0	0	0
0	0	0
0	0	0
0	0	1.3292+1.3475i
1.5209+0.7521i	0.5198+0.2775i	0.4924+0.2157i
0.5198+0.2775i	1.5329+0.7161999999999999i	0.5198+0.2775i
0.4924+0.2157i	0.5198+0.2775i	1.5209+0.7521i
0.0127+0.0272i	0	0
0	0.0127+0.0272i	0
0	0	0.0127+0.0272i
0+5e-07i	0	0
0	0+5e-07i	0
0	0	0+5e-07i
0+5e-07i	0	0
0	0	0
0	0	0
0	0	0
0	0+5e-07i	0
0	0	0
0	0	0
0	0	0
0	0	0+5e-07i
0+5e-07i	0	0
0	0+5e-07i	0
0	0	0
0	0	0
0	0+5e-07i	0
0	0	0+5e-07i
0+5e-07i	0	0
0	0	0
0	0	0+5e-07i
